target|rangephrase|numcases|quantileset|resultset
7|c.1403-1476|743|[1403.0, 1425.0, 1442.0, 1459.0, 1476.0]|73
8|c.1399-1479|197|[1399.0, 1431.0, 1450.0, 1468.0, 1479.0]|80
9|c.1433-1478|39|[1433.6666666666667, 1451.3333333333333, 1459.0, 1469.3333333333333, 1478.3333333333333]|45
10|c.1387-1466|21|[1387.0, 1409.6666666666667, 1423.0, 1451.6666666666667, 1466.0]|79
12|c.1382-1469|26|[1382.0, 1400.0, 1420.5, 1438.0, 1469.0]|87
13|c.1382-1479|21|[1382.3333333333333, 1413.3333333333333, 1435.0, 1465.3333333333333, 1479.6666666666667]|97
18|c.1392-1474|241|[1392.3333333333333, 1411.0, 1426.0, 1447.3333333333333, 1474.0]|82
19|c.1321-1477|41|[1321.0, 1387.0, 1446.0, 1464.0, 1477.0]|156
20|c.1350-1481|25|[1350.3333333333333, 1378.3333333333333, 1406.0, 1442.6666666666667, 1481.6666666666667]|131
22|c.1403-1473|30|[1403.1666666666667, 1413.6666666666667, 1436.5, 1449.3333333333333, 1473.0]|70
23|c.1410-1480|22|[1410.6666666666667, 1434.0, 1448.0, 1463.0, 1480.3333333333333]|70
24|c.1262-1488|21|[1262.6666666666667, 1387.6666666666667, 1416.0, 1454.0, 1488.0]|226
28|c.1310-1447|31|[1310.0, 1346.0, 1394.0, 1418.6666666666667, 1447.6666666666667]|137
31|c.1321-1469|28|[1321.1666666666667, 1375.0, 1398.0, 1457.3333333333333, 1469.8333333333333]|148
32|c.1311-1465|21|[1311.6666666666667, 1353.3333333333333, 1397.0, 1452.6666666666667, 1465.6666666666667]|154
33|c.1328-1477|21|[1328.3333333333333, 1365.6666666666667, 1420.0, 1464.6666666666667, 1477.3333333333333]|149
37|c.1298-1440|27|[1298.0, 1335.3333333333333, 1382.0, 1419.0, 1440.6666666666667]|142
38|c.1311-1454|63|[1311.0, 1321.6666666666667, 1346.0, 1392.3333333333333, 1454.0]|143
39|c.1312-1489|20|[1312.0, 1338.0, 1362.0, 1414.0, 1489.5]|177
40|c.1307-1384|25|[1307.3333333333333, 1315.6666666666667, 1324.0, 1332.3333333333333, 1384.0]|77
43|c.1388-1457|26|[1388.5, 1409.0, 1420.5, 1430.0, 1457.5]|69
44|c.1408-1492|22|[1408.3333333333333, 1418.3333333333333, 1434.5, 1473.3333333333333, 1492.0]|84
46|c.1376-1464|64|[1376.3333333333333, 1392.0, 1404.5, 1431.0, 1464.0]|88
47|c.1385-1466|56|[1385.5, 1398.0, 1415.5, 1430.0, 1466.0]|81
54|c.1300-1377|1366|[1300.0, 1318.0, 1334.0, 1349.0, 1377.0]|77
55|c.1336-1408|39|[1336.6666666666667, 1350.3333333333333, 1376.0, 1388.6666666666667, 1408.3333333333333]|72
57|c.1261-1363|688|[1261.8333333333333, 1288.0, 1307.0, 1334.3333333333333, 1363.1666666666667]|102
58|c.1297-1374|223|[1297.3333333333333, 1337.6666666666667, 1348.0, 1357.0, 1374.0]|77
61|c.1315-1386|946|[1315.0, 1335.0, 1348.0, 1365.0, 1386.0]|71
62|c.1332-1405|164|[1332.0, 1357.0, 1367.5, 1377.0, 1405.0]|73
63|c.1240-1317|26|[1240.0, 1262.0, 1277.5, 1299.0, 1317.5]|77
67|c.1380-1448|61|[1380.0, 1396.0, 1406.0, 1422.3333333333333, 1448.0]|68
68|c.1376-1437|24|[1376.5, 1390.0, 1409.0, 1424.6666666666667, 1437.3333333333333]|61
69|c.1349-1425|41|[1349.0, 1368.0, 1377.0, 1394.0, 1425.0]|76
70|c.1326-1407|28|[1326.6666666666667, 1342.0, 1378.0, 1391.6666666666667, 1407.8333333333333]|81
75|c.1249-1296|305|[1249.0, 1261.0, 1273.0, 1283.0, 1296.0]|47
76|c.1257-1300|29|[1257.0, 1268.0, 1284.0, 1287.0, 1300.0]|43
77|c.1259-1310|35|[1259.0, 1273.0, 1280.0, 1292.0, 1310.0]|51
78|c.1214-1289|21|[1214.3333333333333, 1240.0, 1250.0, 1260.3333333333333, 1289.6666666666667]|75
80|c.1267-1317|21|[1267.3333333333333, 1285.3333333333333, 1297.0, 1315.0, 1317.0]|50
81|c.1260-1309|41|[1260.0, 1279.0, 1285.0, 1293.0, 1309.0]|49
87|c.1230-1295|250|[1230.8333333333333, 1250.0, 1269.0, 1280.0, 1295.0]|65
88|c.1219-1356|35|[1219.0, 1260.0, 1292.0, 1316.0, 1356.0]|137
90|c.1269-1320|42|[1269.0, 1283.0, 1287.5, 1300.0, 1320.8333333333333]|51
91|c.1255-1314|107|[1255.0, 1272.0, 1290.0, 1300.0, 1314.0]|59
94|c.1224-1299|146|[1224.5, 1250.0, 1270.0, 1282.0, 1299.5]|75
95|c.1220-1272|57|[1220.0, 1229.3333333333333, 1234.0, 1248.3333333333333, 1272.3333333333333]|52
97|c.1213-1264|27|[1213.3333333333333, 1220.0, 1239.0, 1247.0, 1264.6666666666667]|51
98|c.1227-1276|27|[1227.0, 1240.0, 1254.0, 1263.3333333333333, 1276.3333333333333]|49
102|c.1208-1273|274|[1208.8333333333333, 1220.0, 1236.5, 1250.0, 1273.3333333333333]|65
103|c.1162-1365|33|[1162.0, 1228.0, 1278.0, 1339.0, 1365.6666666666667]|203
105|c.1200-1247|127|[1200.0, 1212.0, 1220.0, 1230.0, 1247.6666666666667]|47
106|c.1181-1219|31|[1181.0, 1188.0, 1198.0, 1200.6666666666667, 1219.0]|38
108|c.1191-1231|25|[1191.6666666666667, 1200.0, 1207.0, 1214.3333333333333, 1231.0]|40
110|c.1180-1206|25|[1180.0, 1184.3333333333333, 1190.0, 1200.0, 1206.6666666666667]|26
111|c.1153-1211|50|[1153.0, 1180.0, 1188.5, 1200.0, 1211.0]|58
114|c.1287-1401|47|[1287.0, 1335.0, 1349.0, 1364.0, 1401.0]|114
116|c.1238-1394|25|[1238.0, 1278.6666666666667, 1348.0, 1369.0, 1394.6666666666667]|156
117|c.1266-1423|26|[1266.5, 1284.0, 1356.5, 1375.0, 1423.0]|157
120|c.1339-1405|44|[1339.5, 1359.0, 1375.0, 1388.0, 1405.0]|66
121|c.1350-1418|28|[1350.5, 1375.6666666666667, 1386.0, 1401.0, 1418.5]|68
123|c.1230-1430|31|[1230.6666666666667, 1289.0, 1378.0, 1398.3333333333333, 1430.3333333333333]|200
124|c.1230-1446|23|[1230.0, 1373.0, 1406.0, 1422.0, 1446.0]|216